,trường đại học công nghệ thông tin uit đã đạt được nhiều thành tựu nổi bật trong lĩnh vực đào tạo bao gồm chất lượng đào tạo uit luôn nằm trong top các trường đại học hàng đầu về công nghệ thông tin tại việt nam.,chương trình đào tạo của trường được thiết kế theo chuẩn quốc tế giúp sinh viên có kiến thức vững vàng và kỹ năng thực tiễn.,giải thưởng và thành tích sinh viên uit thường xuyên đạt giải cao trong các cuộc thi quốc gia và quốc tế như olympic tin học và các cuộc thi về an ninh mạng.,hợp tác quốc tế uit có nhiều chương trình hợp tác với các trường đại học và tổ chức quốc tế giúp sinh viên có cơ hội học tập và nghiên cứu ở nước ngoài.,cơ sở vật chất hiện đại trường đầu tư mạnh vào cơ sở vật chất phòng thí nghiệm và các trang thiết bị hiện đại để hỗ trợ quá trình học tập và nghiên cứu của sinh viên.,đội ngũ giảng viên uit có đội ngũ giảng viên giàu kinh nghiệm nhiều người trong số họ đã từng học tập và làm việc tại các trường đại học danh tiếng trên thế giới.
trường đại học công nghệ thông tin uit đã đạt được nhiều thành tựu nổi bật trong lĩnh vực đào tạo bao gồm chất lượng đào tạo uit luôn nằm trong top các trường đại học hàng đầu về công nghệ thông tin tại việt nam.,0.9999999999999996,0.13086114225081003,0.15372570834998064,0.10174850135625801,0.11322296907365342,0.15413430722323293
chương trình đào tạo của trường được thiết kế theo chuẩn quốc tế giúp sinh viên có kiến thức vững vàng và kỹ năng thực tiễn.,0.13086114225081003,0.9999999999999999,0.11376595770657925,0.26388703008831366,0.12205341685767053,0.0619009279919263
giải thưởng và thành tích sinh viên uit thường xuyên đạt giải cao trong các cuộc thi quốc gia và quốc tế như olympic tin học và các cuộc thi về an ninh mạng.,0.15372570834998064,0.11376595770657925,1.0000000000000004,0.21023545845035765,0.08465847222917917,0.09717405895383233
hợp tác quốc tế uit có nhiều chương trình hợp tác với các trường đại học và tổ chức quốc tế giúp sinh viên có cơ hội học tập và nghiên cứu ở nước ngoài.,0.10174850135625801,0.26388703008831366,0.21023545845035765,1.0000000000000002,0.21695075335331276,0.17231531666338862
cơ sở vật chất hiện đại trường đầu tư mạnh vào cơ sở vật chất phòng thí nghiệm và các trang thiết bị hiện đại để hỗ trợ quá trình học tập và nghiên cứu của sinh viên.,0.11322296907365342,0.12205341685767053,0.08465847222917917,0.21695075335331276,1.0000000000000002,0.1136646423433623
đội ngũ giảng viên uit có đội ngũ giảng viên giàu kinh nghiệm nhiều người trong số họ đã từng học tập và làm việc tại các trường đại học danh tiếng trên thế giới.,0.15413430722323293,0.0619009279919263,0.09717405895383233,0.17231531666338862,0.1136646423433623,0.9999999999999996
